STUDENT COMPARISON REPORT
=========================

Student    | Comp | PartA | PartB | PartC | PartD | Main |  Base | Bonus |  Total
─────────────────────────────────────────────────────────────────────────────────────
S0008      |    4 |    8 |    6 |    9 |    4 |    2 |    33 |     - |     33
S0001      |    4 |    0 |    0 |    0 |    0 |    2 |     6 |     - |      6
S0006      |    4 |    7 |    5 |    9 |    4 |    2 |    31 |     - |     31
S0007      |    0 |    8 |    6 |    9 |    4 |    2 |    29 |     - |     29
S0009      |    0 |    0 |    0 |    0 |    0 |    2 |     2 |     - |      2
S0013      |    0 |    0 |    0 |    0 |    0 |    0 |     0 |     - |      0
S0014      |    4 |    8 |    6 |    7 |    4 |    0 |    29 |     - |     29
S0022      |    0 |    0 |    0 |    0 |    0 |    0 |     0 |     - |      0
S0023      |    4 |    8 |    5 |    9 |    4 |    0 |    30 |     - |     30
S0015      |    4 |    8 |    6 |    9 |    4 |    2 |    33 |    +4 |     37
S0005      |    4 |    8 |    6 |    9 |    4 |    2 |    33 |     - |     33
S0002      |    4 |    8 |    6 |    9 |    4 |    2 |    33 |     - |     33
S0003      |    4 |    8 |    4 |    4 |    2 |    0 |    22 |     - |     22
S0004      |    0 |    0 |    0 |    0 |    0 |    2 |     2 |     - |      2
S0017      |    0 |    0 |    0 |    0 |    0 |    2 |     2 |     - |      2
S0010      |    4 |    8 |    6 |    9 |    4 |    2 |    33 |     - |     33
S0019      |    4 |    8 |    0 |    7 |    2 |    2 |    23 |     - |     23
S0021      |    4 |    8 |    6 |    9 |    4 |    2 |    33 |     - |     33
S0020      |    4 |    7 |    6 |    7 |    2 |    0 |    26 |     - |     26
S0018      |    4 |    8 |    6 |    9 |    4 |    2 |    33 |     - |     33
S0011      |    4 |    7 |    6 |    9 |    4 |    2 |    32 |     - |     32
S0016      |    0 |    5 |    4 |    2 |    2 |    0 |    13 |     - |     13
─────────────────────────────────────────────────────────────────────────────────────

CLASS STATISTICS:
Base Average: 21.73/33 | Total Average: 21.91/37
Highest: 37 | Lowest: 0
