STUDENT COMPARISON REPORT
=========================

Student    | Comp | PartA | PartB | PartC | PartD | Main |  Base | Bonus |  Total
─────────────────────────────────────────────────────────────────────────────────────
S_01       |    0 |    0 |    0 |    0 |    0 |    0 |     0 |     - |      0
S_02       |    3 |    8 |    6 |    9 |    4 |    0 |    30 |     - |     30
S_03       |    4 |    8 |    0 |    2 |    0 |    0 |    14 |     - |     14
S_04       |    0 |    0 |    0 |    0 |    0 |    0 |     0 |     - |      0
S_05       |    3 |    8 |    6 |    9 |    4 |    0 |    30 |     - |     30
S_06       |    4 |    7 |    5 |    7 |    4 |    1 |    28 |     - |     28
S_07       |    3 |    8 |    6 |    9 |    4 |    0 |    30 |     - |     30
S_08       |    3 |    8 |    3 |    7 |    4 |    0 |    25 |     - |     25
S_09       |    0 |    0 |    0 |    2 |    3 |    0 |     5 |     - |      5
S_10       |    3 |    8 |    6 |    8 |    4 |    0 |    29 |     - |     29
S_11       |    3 |    7 |    6 |    7 |    4 |    0 |    27 |     - |     27
S_12       |    0 |    0 |    0 |    0 |    0 |    0 |     0 |     - |      0
S_13       |    3 |    1 |    0 |    2 |    4 |    1 |    11 |     - |     11
S_14       |    4 |    8 |    4 |    7 |    4 |    0 |    27 |     - |     27
S_15       |    3 |    8 |    3 |    9 |    4 |    0 |    27 |    +4 |     31
S_16       |    2 |    5 |    3 |    2 |    4 |    0 |    16 |     - |     16
S_17       |    0 |    0 |    0 |    0 |    0 |    0 |     0 |     - |      0
S_18       |    3 |    8 |    5 |    8 |    4 |    0 |    28 |     - |     28
S_19       |    3 |    8 |    0 |    7 |    0 |    0 |    18 |     - |     18
S_20       |    4 |    7 |    6 |    7 |    0 |    0 |    24 |     - |     24
S_21       |    3 |    8 |    4 |    9 |    3 |    0 |    27 |     - |     27
S_22       |    1 |    3 |    3 |    2 |    4 |    0 |    13 |     - |     13
S_23       |    4 |    8 |    5 |    9 |    4 |    0 |    30 |     - |     30
S_24       |    1 |    2 |    1 |    2 |    4 |    0 |    10 |     - |     10
S_25       |    0 |    0 |    0 |    0 |    0 |    0 |     0 |     - |      0
